coefficient_set_1
-1
-1
0
0
0
0
-1
-2
-1
0
2
3
1
-3
-7
-7
-1
7
12
9
-4
-19
-24
-12
14
36
36
7
-37
-65
-49
10
76
99
50
-50
-137
-138
-33
121
217
167
-23
-238
-317
-171
137
408
425
120
-347
-656
-533
35
724
1038
622
-434
-1533
-1827
-683
1893
5143
7847
8896
7847
5143
1893
-683
-1827
-1533
-434
622
1038
724
35
-533
-656
-347
120
425
408
137
-171
-317
-238
-23
167
217
121
-33
-138
-137
-50
50
99
76
10
-49
-65
-37
7
36
36
14
-12
-24
-19
-4
9
12
7
-1
-7
-7
-3
1
3
2
0
-1
-2
-1
0
0
0
0
-1
-1
