coefficient_set_1
-1
-1
0
-1
0
0
-1
0
0
-2
2
-3
0
3
-7
5
-1
-8
12
-11
0
14
-25
20
-1
-27
43
-36
0
45
-73
57
-1
-73
115
-92
-1
112
-178
139
-1
-171
266
-208
0
253
-396
308
-1
-378
592
-466
0
582
-929
745
-1
-996
1667
-1433
0
2432
-5192
7366
24576
7366
-5192
2432
0
-1433
1667
-996
-1
745
-929
582
0
-466
592
-378
-1
308
-396
253
0
-208
266
-171
-1
139
-178
112
-1
-92
115
-73
-1
57
-73
45
0
-36
43
-27
-1
20
-25
14
0
-11
12
-8
-1
5
-7
3
0
-3
2
-2
0
0
-1
0
0
-1
0
-1
-1
